11111111111111111111111000001111111111111111111111
11111111100001111110110000000011111111111111011111
11111000000000001100000000000011100111110000000111
11110000000000000000000000000111001111100000000011
11100000000000000000000000001110011111000000000011
11000000000000001100000000001100111000000000000011
11000000000001111101110100111101100000000000000011
11000000000011111001100111111101000000000000000011
10000000000111111011100111111100000000000000000001
10000000001111113011101111111000000000000000000001
10000000001111132213101111100000000000000000000001
10000000011133222231001110000000000000000000000001
10000000111122222211011110000000000000000000000001
10000001111322002110011100000000000000000000000001
10000001112220000100011100000000000000000000000011
10000011132200000000001000000000000000000000000011
11000011320000000000000000000000000000000000000001
11000111200000000000000000000000011110000000000001
11000111200000000000000000000011111110000000000001
10000110000000000000000000000111111111000000000001
10000000000000000000000000001111100111100000000001
10000000000000000000000000001100000011100000000001
10000000000000000000000000000000000011000000000001
00000000000000000000000000000000000111000000000000
00000000000000000000000000000000001111000000000000
00000000000000000000000000000000011111000000000000
00000000000000000000000000000001111100000000000000
00000000000000000000000000000011100000000000000000
10000000000000000000000000000000000000000000000001
10000000000000000000000000000000000000000000000001
10000000000000000000000000000000000000000000000001
10000000000000000000000000000000000000000000000011
11001100000000000000000000000000000000000000200011
11001011100000000000000000000000000000000000000011
11000000010110000000000000000000000000200000000011
11000011000000000000000000000000000200000002000011
11000111100101000000000000000000000000020020200011
10001101110001000000000000000000000000002000002001
10000000111101100110000000000000200200200020000001
11000011111100000000100000000000000020200022222201
11000110111110011001000000000000000000002222222221
11000000001110000000000000000022202022222222222221
10000000000111000100000000000000000002222220022221
10100100001111100000010000000002020022222201002221
10100111011011100000000000000020000022220011102221
11000001010011110010000000000020020222222001102211
11000000000011111000000000020000002222222220022231
11110000000111111100000000000020000222222222222311
11111100011111111110000000000000202201113333311111
11111111111111111111111000001111111111111111111111
